
$GPGSV,3,1,12,03,33,304,38,04,04,304,,10,03,171,,16,16,201,17*70

$GPGSV,3,2,12,25,30,049,,26,47,198,38,28,70,027,38,29,18,093,10*74

$GPGSV,3,3,12,31,67,292,41,32,51,119,15,46,15,247,,48,18,244,27*78
$GPGLL,4220.28662,N,07105.30474,W,215243.00,A,D*76
$GPTXT,01,01,02,u-blox ag - www.u-blox.com*50
$GPTXT,01,01,02,HW  UBX-G70xx   00070000 FF7FFFFFo*69
$GPTXT,01,01,02,ROM CORE 1.00 (59842) Jun 27 2012 17:43:52*59
$GPTXT,01,01,02,PROTVER 14.00*1E

$GPTXT,01,01,02,ANTSUPERV=AC SD PDoS SR*20
$GPTXT,01,01,02,ANTSTATUS=OK*3B
$GPTXT,01,01,02,LLC FFFFFFFF-FFFFFFFF-FFFFFFFF-FFFFFFFF-FFFFFFFD*2C
$GPRMC,215244.00,A,4220.28668,N,07105.30474,W,0.062,,260923,,,D*6A
$GPVTG,,T,,M,0.062,N,0.116,K,D*24
$GPGGA,215244.00,4220.28668,N,07105.30474,W,2,06,1.43,38.6,M,-33.2,M,,0000*5A
$GPGSA,A,3,29,32,03,28,31,26,,,,,,,2.46,1.43,2.01*02
$GPGSV,3,1,12,03,33,304,37,04,04,304,,10,03,171,,16,16,201,15*7D
$GPGSV,3,2,12,25,30,049,,26,47,198,39,28,70,027,39,29,18,093,11*75
$GPGSV,3,3,12,31,67,292,39,32,51,119,16,46,15,247,,48,18,244,*71
$GPGLL,4220.28668,N,07105.30474,W,215244.00,A,D*7B
$GPRMC,215245.00,A,4220.28678,N,07105.30469,W,0.169,,260923,,,D*6C
$GPVTG,,T,,M,0.169,N,0.313,K,D*29
$GPGGA,215245.00,4220.28678,N,07105.30469,W,2,06,1.43,38.6,M,-33.2,M,,0000*56
$GPGSA,A,3,29,32,03,28,31,26,,,,,,,2.46,1.43,2.01*02
$GPGSV,3,1,12,03,33,304,37,04,04,304,,10,03,171,,16,16,201,14*7C
$GPGSV,3,2,12,25,30,049,,26,47,198,38,28,70,027,36,29,18,093,11*7B
$GPGSV,3,3,12,31,67,292,41,32,51,119,17,46,15,247,,48,18,244,*7F
$GPGLL,4220.28678,N,07105.30469,W,215245.00,A,D*77
$GPRMC,215246.00,A,4220.28674,N,07105.30464,W,0.542,,260923,,,D*63
$GPVTG,,T,,M,0.542,N,1.005,K,D*21
$GPGGA,215246.00,4220.28674,N,07105.30464,W,2,06,1.77,38.8,M,-33.2,M,,0000*5D
$GPGSA,A,3,32,03,28,31,26,48,,,,,,,3.46,1.77,2.97*0C
$GPGSV,3,1,12,03,33,304,36,04,04,304,,10,03,171,,16,16,201,14*7D
$GPGSV,3,2,12,25,30,049,26,26,47,198,30,28,70,027,31,29,18,093,*70
$GPGSV,3,3,12,31,67,292,39,32,51,119,18,46,15,247,,48,18,244,34*78
$GPGLL,4220.28674,N,07105.30464,W,215246.00,A,D*75
$GPRMC,215247.00,A,4220.28685,N,07105.30465,W,0.232,,260923,,,D*6D
$GPVTG,,T,,M,0.232,N,0.430,K,D*22
$GPGGA,215247.00,4220.28685,N,07105.30465,W,2,06,1.77,38.8,M,-33.2,M,,0000*53
$GPGSA,A,3,32,03,28,31,26,48,,,,,,,3.46,1.77,2.97*0C
$GPGSV,3,1,12,03,33,304,37,04,04,304,,10,03,171,,16,16,201,14*7C
$GPGSV,3,2,12,25,30,049,26,26,47,198,30,28,70,027,32,29,18,093,19*7B
$GPGSV,3,3,12,31,67,292,38,32,51,119,20,46,15,247,,48,18,244,28*7F
$GPGLL,4220.28685,N,07105.30465,W,215247.00,A,D*7B
$GPRMC,215248.00,A,4220.28684,N,07105.30469,W,0.165,,260923,,,D*6E
$GPVTG,,T,,M,0.165,N,0.305,K,D*22
$GPGGA,215248.00,4220.28684,N,07105.30469,W,2,06,1.77,39.0,M,-33.2,M,,0000*58
$GPGSA,A,3,32,03,28,31,26,48,,,,,,,3.46,1.77,2.97*0C
$GPGSV,3,1,12,03,33,304,29,04,04,304,,10,03,171,,16,16,201,14*73
$GPGSV,3,2,12,25,30,049,24,26,47,198,34,28,70,027,31,29,18,093,16*71
$GPGSV,3,3,12,31,67,292,42,32,51,119,20,46,15,247,,48,18,244,27*7D
$GPGLL,4220.28684,N,07105.30469,W,215248.00,A,D*79
$GPRMC,215249.00,A,4220.28684,N,07105.30487,W,0.383,,260923,,,D*65
$GPVTG,,T,,M,0.383,N,0.709,K,D*20
$GPGGA,215249.00,4220.28684,N,07105.30487,W,2,06,1.82,39.1,M,-33.2,M,,0000*52
$GPGSA,A,3,32,03,28,31,26,48,,,,,,,4.07,1.82,3.64*09
$GPGSV,3,1,12,03,33,304,23,04,04,304,,10,03,171,,16,16,201,14*79
$GPGSV,3,2,12,25,30,049,21,26,47,198,31,28,70,027,33,29,18,093,13*76
$GPGSV,3,3,12,31,67,292,41,32,51,119,18,46,15,247,,48,18,244,28*7A
$GPGLL,4220.28684,N,07105.30487,W,215249.00,A,D*78
$GPRMC,215250.00,A,4220.28671,N,07105.30543,W,0.913,,260923,,,D*6D
$GPVTG,,T,,M,0.913,N,1.692,K,D*21
$GPGGA,215250.00,4220.28671,N,07105.30543,W,2,05,1.82,39.4,M,-33.2,M,,0000*5F
$GPGSA,A,3,32,03,28,31,26,,,,,,,,4.07,1.82,3.64*05
$GPGSV,3,1,12,03,33,304,30,04,04,304,,10,03,171,,16,16,201,18*77
$GPGSV,3,2,12,25,30,049,22,26,47,198,34,28,70,027,30,29,18,093,16*76
$GPGSV,3,3,12,31,67,292,35,32,51,119,20,46,15,247,,48,18,244,30*7B
$GPGLL,4220.28671,N,07105.30543,W,215250.00,A,D*73
$GPRMC,215251.00,A,4220.28668,N,07105.30561,W,0.713,,260923,,,D*6A
$GPVTG,,T,,M,0.713,N,1.320,K,D*23
$GPGGA,215251.00,4220.28668,N,07105.30561,W,2,07,1.21,39.4,M,-33.2,M,,0000*5D
$GPGSA,A,3,29,32,03,28,31,26,48,,,,,,1.98,1.21,1.57*0A
$GPGSV,3,1,12,03,33,304,24,04,04,304,,10,03,171,,16,16,201,19*73
$GPGSV,3,2,12,25,30,049,24,26,47,198,45,28,70,027,30,29,18,093,18*78
$GPGSV,3,3,12,31,67,292,41,32,51,119,22,46,15,247,,48,18,244,29*72
$GPGLL,4220.28668,N,07105.30561,W,215251.00,A,D*7A
$GPRMC,215252.00,A,4220.28676,N,07105.30590,W,0.307,,260923,,,D*69
$GPVTG,,T,,M,0.307,N,0.568,K,D*29
$GPGGA,215252.00,4220.28676,N,07105.30590,W,2,07,1.21,39.9,M,-33.2,M,,0000*52
$GPGSA,A,3,29,32,03,28,31,26,48,,,,,,1.98,1.21,1.57*0A
$GPGSV,3,1,12,03,33,304,25,04,04,304,,10,03,171,,16,16,201,21*79
$GPGSV,3,2,12,25,30,049,31,26,47,198,35,28,70,027,37,29,18,093,19*7D
$GPGSV,3,3,12,31,67,292,33,32,51,119,29,46,15,247,,48,18,244,34*70
$GPGLL,4220.28676,N,07105.30590,W,215252.00,A,D*78
$GPRMC,215253.00,A,4220.28687,N,07105.30627,W,0.456,,260923,,,D*6A
$GPVTG,,T,,M,0.456,N,0.844,K,D*29
$GPGGA,215253.00,4220.28687,N,07105.30627,W,2,07,1.21,40.3,M,-33.2,M,,0000*56
$GPGSA,A,3,29,32,03,28,31,26,48,,,,,,1.98,1.21,1.57*0A
$GPGSV,3,1,12,03,33,304,26,04,04,304,,10,03,171,,16,16,201,29*72
$GPGSV,3,2,12,25,30,049,24,26,47,198,31,28,70,027,31,29,18,093,22*73
$GPGSV,3,3,12,31,67,292,42,32,51,119,21,46,15,247,,48,18,244,34*7E
$GPGLL,4220.28687,N,07105.30627,W,215253.00,A,D*78
$GPRMC,215254.00,A,4220.28727,N,07105.30652,W,1.077,,260923,,,D*62
$GPVTG,,T,,M,1.077,N,1.995,K,D*23
$GPGGA,215254.00,4220.28727,N,07105.30652,W,2,07,1.21,39.6,M,-33.2,M,,0000*53
$GPGSA,A,3,29,32,03,28,31,26,48,,,,,,1.98,1.21,1.57*0A
$GPGSV,3,1,12,03,33,304,37,04,04,304,,10,03,171,,16,16,201,22*79
$GPGSV,3,2,12,25,30,049,24,26,47,198,30,28,70,027,37,29,18,093,21*77
$GPGSV,3,3,12,31,67,292,44,32,51,119,23,46,15,247,,48,18,244,30*7E
$GPGLL,4220.28727,N,07105.30652,W,215254.00,A,D*76
$GPRMC,215255.00,A,4220.28732,N,07105.30706,W,0.461,,260923,,,D*65
$GPVTG,,T,,M,0.461,N,0.854,K,D*2C
$GPGGA,215255.00,4220.28732,N,07105.30706,W,2,07,1.21,40.1,M,-33.2,M,,0000*5F
$GPGSA,A,3,29,32,03,28,31,26,48,,,,,,1.98,1.21,1.57*0A
$GPGSV,3,1,12,03,33,304,37,04,04,304,,10,03,171,,16,16,201,23*78
$GPGSV,3,2,12,25,30,049,22,26,47,198,30,28,70,027,39,29,18,093,20*7E
$GPGSV,3,3,12,31,67,292,46,32,51,119,24,46,15,247,,48,18,244,40*7C
$GPGLL,4220.28732,N,07105.30706,W,215255.00,A,D*73
$GPRMC,215256.00,A,4220.28754,N,07105.30766,W,0.614,,260923,,,D*60
$GPVTG,,T,,M,0.614,N,1.136,K,D*20
$GPGGA,215256.00,4220.28754,N,07105.30766,W,2,07,1.21,41.1,M,-33.2,M,,0000*5B
$GPGSA,A,3,29,32,03,28,31,26,48,,,,,,1.98,1.21,1.57*0A
$GPGSV,3,1,12,03,33,304,35,04,04,304,,10,03,171,,16,16,201,25*7C
$GPGSV,3,2,12,25,30,049,24,26,47,198,40,28,70,027,37,29,18,093,20*71
$GPGSV,3,3,12,31,67,292,39,32,51,119,26,46,15,247,,48,18,244,39*78
$GPGLL,4220.28754,N,07105.30766,W,215256.00,A,D*76
$GPRMC,215257.00,A,4220.28754,N,07105.30816,W,0.973,242.14,260923,,,D*78
$GPVTG,242.14,T,,M,0.973,N,1.803,K,D*3E
$GPGGA,215257.00,4220.28754,N,07105.30816,W,2,07,1.21,41.7,M,-33.2,M,,0000*54
$GPGSA,A,3,29,32,03,28,31,26,48,,,,,,1.98,1.21,1.57*0A
$GPGSV,3,1,12,03,33,304,33,04,04,304,,10,03,171,,16,16,201,25*7A
$GPGSV,3,2,12,25,30,049,26,26,47,198,38,28,70,027,41,29,18,093,19*77
$GPGSV,3,3,12,31,67,292,39,32,51,119,27,46,15,247,,48,18,244,29*78
$GPGLL,4220.28754,N,07105.30816,W,215257.00,A,D*7F
$GPRMC,215258.00,A,4220.28731,N,07105.30852,W,1.265,,260923,,,D*66
$GPVTG,,T,,M,1.265,N,2.343,K,D*20
$GPGGA,215258.00,4220.28731,N,07105.30852,W,2,07,1.21,42.1,M,-33.2,M,,0000*5D
$GPGSA,A,3,29,32,03,28,31,26,48,,,,,,1.98,1.21,1.57*0A
$GPGSV,3,1,12,03,33,304,27,04,04,304,,10,03,171,,16,16,201,24*7E
$GPGSV,3,2,12,25,30,049,25,26,47,198,34,28,70,027,38,29,18,093,19*76
$GPGSV,3,3,12,31,67,292,43,32,51,119,27,46,15,247,,48,18,244,32*7F
$GPGLL,4220.28731,N,07105.30852,W,215258.00,A,D*73
$GPRMC,215259.00,A,4220.28757,N,07105.30882,W,0.954,,260923,,,D*62
$GPVTG,,T,,M,0.954,N,1.767,K,D*29
$GPGGA,215259.00,4220.28757,N,07105.30882,W,2,07,1.21,41.5,M,-33.2,M,,0000*56
$GPGSA,A,3,29,32,03,28,31,26,48,,,,,,1.98,1.21,1.57*0A
$GPGSV,3,1,12,03,33,304,32,04,04,304,,10,03,171,,16,16,201,23*7D
$GPGSV,3,2,12,25,30,049,24,26,47,198,31,28,70,027,40,29,18,093,19*7D
$GPGSV,3,3,12,31,67,292,45,32,51,119,28,46,15,247,,48,18,244,28*7D
$GPGLL,4220.28757,N,07105.30882,W,215259.00,A,D*7F
$GPRMC,215300.00,A,4220.28809,N,07105.30929,W,1.325,289.73,260923,,,D*7F
$GPVTG,289.73,T,,M,1.325,N,2.454,K,D*3D
$GPGGA,215300.00,4220.28809,N,07105.30929,W,2,07,1.21,41.9,M,-33.2,M,,0000*53
$GPGSA,A,3,29,32,03,28,31,26,48,,,,,,1.98,1.21,1.57*0A
$GPGSV,3,1,12,03,33,304,27,04,04,304,,10,03,171,,16,16,201,23*79
$GPGSV,3,2,12,25,30,049,24,26,47,198,31,28,70,027,30,29,18,093,19*7A
$GPGSV,3,3,12,31,67,292,39,32,51,119,33,46,15,247,,48,18,244,28*7C
$GPGLL,4220.28809,N,07105.30929,W,215300.00,A,D*76
$GPRMC,215301.00,A,4220.28863,N,07105.30986,W,1.879,304.48,260923,,,D*79
$GPVTG,304.48,T,,M,1.879,N,3.479,K,D*3D
$GPGGA,215301.00,4220.28863,N,07105.30986,W,2,07,1.21,41.0,M,-33.2,M,,0000*52
$GPGSA,A,3,29,32,03,28,31,26,48,,,,,,1.98,1.21,1.57*0A
$GPGSV,3,1,12,03,33,304,34,04,04,304,,10,03,171,,16,16,201,21*79
$GPGSV,3,2,12,25,30,049,23,26,47,198,34,28,70,027,34,29,18,093,21*77
$GPGSV,3,3,12,31,67,292,40,32,51,119,33,46,15,247,,48,18,244,27*7D
$GPGLL,4220.28863,N,07105.30986,W,215301.00,A,D*7E
$GPRMC,215302.00,A,4220.28894,N,07105.31028,W,1.636,,260923,,,D*6E
$GPVTG,,T,,M,1.636,N,3.030,K,D*24
$GPGGA,215302.00,4220.28894,N,07105.31028,W,2,07,1.43,41.4,M,-33.2,M,,0000*55
$GPGSA,A,3,29,32,03,28,31,26,48,,,,,,2.47,1.43,2.01*0F
$GPGSV,3,1,12,03,33,304,25,04,04,304,,10,03,171,,16,16,201,20*78
$GPGSV,3,2,12,25,30,049,21,26,47,198,29,28,70,027,20,29,18,093,20*7D
$GPGSV,3,3,12,31,67,292,40,32,51,119,30,46,15,247,,48,18,244,27*7E
$GPGLL,4220.28894,N,07105.31028,W,215302.00,A,D*79
$GPRMC,215303.00,A,4220.28932,N,07105.31056,W,1.443,,260923,,,D*6B
$GPVTG,,T,,M,1.443,N,2.673,K,D*24
$GPGGA,215303.00,4220.28932,N,07105.31056,W,2,06,1.43,41.1,M,-33.2,M,,0000*54
$GPGSA,A,3,29,32,03,28,31,26,,,,,,,2.47,1.43,2.01*03
$GPGSV,3,1,12,03,33,304,31,04,04,304,,10,03,171,,16,16,201,17*79
$GPGSV,3,2,12,25,30,049,20,26,47,198,27,28,70,027,36,29,18,093,18*7E
$GPGSV,3,3,12,31,67,292,43,32,51,119,29,46,15,247,,48,18,244,*70
$GPGLL,4220.28932,N,07105.31056,W,215303.00,A,D*7C
$GPRMC,215304.00,A,4220.28986,N,07105.31089,W,1.820,,260923,,,D*68
$GPVTG,,T,,M,1.820,N,3.371,K,D*2B
$GPGGA,215304.00,4220.28986,N,07105.31089,W,2,06,1.43,41.2,M,-33.2,M,,0000*5D
$GPGSA,A,3,29,32,03,28,31,26,,,,,,,2.47,1.43,2.01*03
$GPGSV,3,1,12,03,33,304,37,04,04,304,,10,03,171,,16,16,201,17*7F
$GPGSV,3,2,12,25,30,049,21,26,47,198,27,28,70,027,29,29,18,093,18*71
$GPGSV,3,3,12,31,67,292,28,32,51,119,28,46,15,247,,48,18,244,*7C
$GPGLL,4220.28986,N,07105.31089,W,215304.00,A,D*76
$GPRMC,215305.00,A,4220.29025,N,07105.31152,W,1.966,,260923,,,D*6C
$GPVTG,,T,,M,1.966,N,3.641,K,D*2E
$GPGGA,215305.00,4220.29025,N,07105.31152,W,2,06,1.43,41.4,M,-33.2,M,,0000*5C
$GPGSA,A,3,29,32,03,28,31,26,,,,,,,2.47,1.43,2.01*03
$GPGSV,3,1,12,03,33,304,34,04,04,304,,10,03,171,,16,16,201,17*7C
$GPGSV,3,2,12,25,30,049,20,26,47,198,26,28,70,027,29,29,18,093,15*7C
$GPGSV,3,3,12,31,67,292,28,32,51,119,26,46,15,247,,48,18,244,*72
$GPGLL,4220.29025,N,07105.31152,W,215305.00,A,D*71
$GPRMC,215306.00,A,4220.29078,N,07105.31192,W,1.964,,260923,,,D*69
$GPVTG,,T,,M,1.964,N,3.637,K,D*2D
$GPGGA,215306.00,4220.29078,N,07105.31192,W,2,06,1.43,41.4,M,-33.2,M,,0000*5B
$GPGSA,A,3,29,32,03,28,31,26,,,,,,,2.47,1.43,2.01*03
$GPGSV,3,1,12,03,33,304,38,04,04,304,,10,03,171,,16,16,201,19*7E
$GPGSV,3,2,12,25,30,049,20,26,47,198,31,28,70,027,24,29,18,093,14*76
$GPGSV,3,3,12,31,67,292,27,32,51,119,25,46,15,247,,48,18,244,*7E
$GPGLL,4220.29078,N,07105.31192,W,215306.00,A,D*76
$GPRMC,215307.00,A,4220.29168,N,07105.31213,W,2.225,,260923,,,D*6F
$GPVTG,,T,,M,2.225,N,4.121,K,D*27
$GPGGA,215307.00,4220.29168,N,07105.31213,W,2,06,1.43,41.3,M,-33.2,M,,0000*57
$GPGSA,A,3,29,32,03,28,31,26,,,,,,,2.47,1.43,2.01*03
$GPGSV,3,1,12,03,33,304,38,04,04,304,,10,03,171,,16,16,201,17*70
$GPGSV,3,2,12,25,30,049,19,26,47,198,31,28,70,027,30,29,18,093,10*7D
$GPGSV,3,3,12,31,67,292,28,32,51,119,23,46,15,247,,48,18,244,*77
$GPGLL,4220.29168,N,07105.31213,W,215307.00,A,D*7D
$GPRMC,215308.00,A,4220.29270,N,07105.31231,W,2.586,328.85,260923,,,D*7E
$GPVTG,328.85,T,,M,2.586,N,4.789,K,D*37
$GPGGA,215308.00,4220.29270,N,07105.31231,W,2,05,1.82,40.8,M,-33.2,M,,0000*56
$GPGSA,A,3,32,03,28,31,26,,,,,,,,4.08,1.82,3.65*0B
$GPGSV,3,1,12,03,33,304,35,04,04,304,,10,03,171,,16,16,201,16*7C
$GPGSV,3,2,12,25,30,049,21,26,47,198,26,28,70,027,31,29,18,093,09*79
$GPGSV,3,3,12,31,67,292,38,32,51,119,22,46,15,247,,48,18,244,*77
$GPGLL,4220.29270,N,07105.31231,W,215308.00,A,D*78
$GPRMC,215309.00,A,4220.29319,N,07105.31326,W,2.603,326.19,260923,,,D*73
$GPVTG,326.19,T,,M,2.603,N,4.822,K,D*3C
$GPGGA,215309.00,4220.29319,N,07105.31326,W,2,05,1.82,40.7,M,-33.2,M,,0000*51
$GPGSA,A,3,32,03,28,31,26,,,,,,,,4.08,1.82,3.65*0B
$GPGSV,3,1,12,03,33,304,38,04,04,304,,10,03,171,,16,16,201,16*71
$GPGSV,3,2,12,25,30,049,22,26,47,198,31,28,70,027,29,29,18,093,08*74
$GPGSV,3,3,12,31,67,292,36,32,51,119,21,46,15,247,,48,18,244,*7A
$GPGLL,4220.29319,N,07105.31326,W,215309.00,A,D*70
$GPRMC,215310.00,A,4220.29410,N,07105.31362,W,2.698,328.67,260923,,,D*70
$GPVTG,328.67,T,,M,2.698,N,4.997,K,D*36
$GPGGA,215310.00,4220.29410,N,07105.31362,W,2,05,1.82,40.8,M,-33.2,M,,0000*58
$GPGSA,A,3,32,03,28,31,26,,,,,,,,4.08,1.82,3.65*0B
$GPGSV,3,1,12,03,33,304,40,04,04,304,,10,03,171,,16,16,201,15*7D
$GPGSV,3,2,12,25,30,049,21,26,47,198,31,28,70,027,29,29,18,093,08*77
$GPGSV,3,3,12,31,67,292,29,32,51,119,21,46,15,247,,48,18,244,*74
$GPGLL,4220.29410,N,07105.31362,W,215310.00,A,D*76
$GPRMC,215311.00,A,4220.29498,N,07105.31376,W,2.550,333.32,260923,,,D*79
$GPVTG,333.32,T,,M,2.550,N,4.722,K,D*3B
$GPGGA,215311.00,4220.29498,N,07105.31376,W,2,05,1.82,40.7,M,-33.2,M,,0000*53
$GPGSA,A,3,32,03,28,31,26,,,,,,,,4.08,1.82,3.65*0B
$GPGSV,3,1,12,03,33,304,39,04,04,304,,10,03,171,,16,16,201,17*71
$GPGSV,3,2,12,25,30,049,20,26,47,198,30,28,70,027,22,29,18,093,08*7C
$GPGSV,3,3,12,31,67,292,31,32,51,119,22,46,15,247,,48,18,244,*7E
$GPGLL,4220.29498,N,07105.31376,W,215311.00,A,D*72
$GPRMC,215312.00,A,4220.29608,N,07105.31370,W,3.100,347.83,260923,,,D*7E
$GPVTG,347.83,T,,M,3.100,N,5.742,K,D*35
$GPGGA,215312.00,4220.29608,N,07105.31370,W,2,05,1.82,40.8,M,-33.2,M,,0000*52
$GPGSA,A,3,32,03,28,31,26,,,,,,,,4.08,1.82,3.65*0B
$GPGSV,3,1,12,03,33,304,39,04,04,304,,10,03,171,,16,16,201,16*70
$GPGSV,3,2,12,25,30,049,20,26,47,198,30,28,70,027,30,29,18,093,08*7F
$GPGSV,3,3,12,31,67,292,37,32,51,119,22,46,15,247,,48,18,244,*78
$GPGLL,4220.29608,N,07105.31370,W,215312.00,A,D*7C
$GPRMC,215313.00,A,4220.29681,N,07105.31410,W,2.598,350.03,260923,,,D*75
$GPVTG,350.03,T,,M,2.598,N,4.812,K,D*34
$GPGGA,215313.00,4220.29681,N,07105.31410,W,2,05,1.82,40.7,M,-33.2,M,,0000*5C
$GPGSA,A,3,32,03,28,31,26,,,,,,,,4.08,1.82,3.65*0B
$GPGSV,3,1,12,03,33,304,35,04,04,304,,10,03,171,,16,16,201,17*7D
$GPGSV,3,2,12,25,30,049,20,26,47,198,31,28,70,027,33,29,18,093,08*7D
$GPGSV,3,3,12,31,67,292,32,32,51,119,21,46,15,247,,48,18,244,*7E
$GPGLL,4220.29681,N,07105.31410,W,215313.00,A,D*7D
$GPRMC,215314.00,A,4220.29760,N,07105.31424,W,2.583,351.20,260923,,,D*71
$GPVTG,351.20,T,,M,2.583,N,4.783,K,D*39
$GPGGA,215314.00,4220.29760,N,07105.31424,W,2,05,1.82,40.5,M,-33.2,M,,0000*50
$GPGSA,A,3,32,03,28,31,26,,,,,,,,4.08,1.82,3.65*0B
$GPGSV,3,1,12,03,33,304,38,04,04,304,,10,03,171,,16,16,201,18*7F
$GPGSV,3,2,12,25,30,049,19,26,47,198,24,28,70,027,22,29,18,093,10*7A
$GPGSV,3,3,12,31,67,292,35,32,51,119,21,46,15,247,,48,18,244,*79
$GPGLL,4220.29760,N,07105.31424,W,215314.00,A,D*73
$GPRMC,215315.00,A,4220.29842,N,07105.31417,W,2.549,355.03,260923,,,D*7C
$GPVTG,355.03,T,,M,2.549,N,4.722,K,D*31
$GPGGA,215315.00,4220.29842,N,07105.31417,W,2,05,1.82,40.3,M,-33.2,M,,0000*58
$GPGSA,A,3,32,03,28,31,26,,,,,,,,4.08,1.82,3.65*0B
$GPGSV,3,1,12,03,33,304,27,04,04,304,,10,03,171,,16,16,201,17*7E
$GPGSV,3,2,12,25,30,049,19,26,47,198,23,28,70,027,24,29,18,093,10*7B
$GPGSV,3,3,12,31,67,292,37,32,51,119,20,46,15,247,,48,18,244,*7A
$GPGLL,4220.29842,N,07105.31417,W,215315.00,A,D*7D
$GPRMC,215316.00,A,4220.29881,N,07105.31423,W,1.553,,260923,,,D*61
$GPVTG,,T,,M,1.553,N,2.877,K,D*2E
$GPGGA,215316.00,4220.29881,N,07105.31423,W,2,06,1.43,40.1,M,-33.2,M,,0000*5F
$GPGSA,A,3,29,32,03,28,31,26,,,,,,,2.47,1.43,2.02*00
$GPGSV,3,1,12,03,33,304,32,04,04,304,,10,03,171,,16,16,201,17*7A
$GPGSV,3,2,12,25,30,049,19,26,47,198,25,28,70,027,25,29,18,093,10*7C
$GPGSV,3,3,12,31,67,292,40,32,51,119,22,46,15,247,,48,18,244,*78
$GPGLL,4220.29881,N,07105.31423,W,215316.00,A,D*76
$GPRMC,215317.00,A,4220.29936,N,07105.31457,W,1.477,,260923,,,D*69
$GPVTG,,T,,M,1.477,N,2.736,K,D*23
$GPGGA,215317.00,4220.29936,N,07105.31457,W,2,06,1.43,39.6,M,-33.2,M,,0000*59
$GPGSA,A,3,29,32,03,28,31,26,,,,,,,2.47,1.43,2.02*00
$GPGSV,3,1,12,03,33,304,35,04,04,304,,10,03,171,,16,16,201,18*72
$GPGSV,3,2,12,25,30,049,20,26,47,198,25,28,70,027,32,29,18,093,11*71
$GPGSV,3,3,12,31,67,292,39,32,51,119,23,46,15,247,,48,18,244,*77
$GPGLL,4220.29936,N,07105.31457,W,215317.00,A,D*79
$GPRMC,215318.00,A,4220.29996,N,07105.31496,W,1.685,,260923,,,D*6E
$GPVTG,,T,,M,1.685,N,3.120,K,D*2C
$GPGGA,215318.00,4220.29996,N,07105.31496,W,2,06,1.43,39.0,M,-33.2,M,,0000*57
$GPGSA,A,3,29,32,03,28,31,26,,,,,,,2.47,1.43,2.02*00
$GPGSV,3,1,12,03,33,304,44,04,04,304,,10,03,171,,16,16,201,17*7B
$GPGSV,3,2,12,25,30,049,20,26,47,198,25,28,70,027,25,29,18,093,11*77
$GPGSV,3,3,12,31,67,292,39,32,51,119,24,46,15,247,,48,18,244,*70
$GPGLL,4220.29996,N,07105.31496,W,215318.00,A,D*71
$GPRMC,215319.00,A,4220.30053,N,07105.31548,W,1.772,,260923,,,D*6C
$GPVTG,,T,,M,1.772,N,3.283,K,D*2F
$GPGGA,215319.00,4220.30053,N,07105.31548,W,2,06,1.43,38.2,M,-33.2,M,,0000*5F
$GPGSA,A,3,29,32,03,28,31,26,,,,,,,2.47,1.43,2.02*00
$GPGSV,3,1,12,03,33,304,43,04,04,304,,10,03,171,,16,16,201,18*73
$GPGSV,3,2,12,25,30,049,21,26,47,198,26,28,70,027,25,29,18,093,11*75
$GPGSV,3,3,12,31,67,292,40,32,51,119,23,46,15,247,,48,18,244,*79
$GPGLL,4220.30053,N,07105.31548,W,215319.00,A,D*7A
$GPRMC,215320.00,A,4220.30137,N,07105.31556,W,1.852,,260923,,,D*67
$GPVTG,,T,,M,1.852,N,3.430,K,D*2C
$GPGGA,215320.00,4220.30137,N,07105.31556,W,2,06,1.43,37.7,M,-33.2,M,,0000*53
$GPGSA,A,3,29,32,03,28,31,26,,,,,,,2.47,1.43,2.02*00
$GPGSV,3,1,12,03,33,304,34,04,04,304,,10,03,171,,16,16,201,17*7C
$GPGSV,3,2,12,25,30,049,21,26,47,198,26,28,70,027,25,29,18,093,11*75
$GPGSV,3,3,12,31,67,292,40,32,51,119,23,46,15,247,,48,18,244,*79
$GPGLL,4220.30137,N,07105.31556,W,215320.00,A,D*7C
$GPRMC,215321.00,A,4220.30226,N,07105.31565,W,2.035,354.64,260923,,,D*71
$GPVTG,354.64,T,,M,2.035,N,3.770,K,D*3F
$GPGGA,215321.00,4220.30226,N,07105.31565,W,2,06,1.43,37.3,M,-33.2,M,,0000*55
$GPGSA,A,3,29,32,03,28,31,26,,,,,,,2.47,1.43,2.02*00
$GPGSV,3,1,12,03,33,304,38,04,04,304,,10,03,171,,16,16,201,16*71
$GPGSV,3,2,12,25,30,049,20,26,47,198,28,28,70,027,33,29,18,093,11*7D
$GPGSV,3,3,12,31,67,292,38,32,51,119,23,46,15,247,,48,18,244,*76
$GPGLL,4220.30226,N,07105.31565,W,215321.00,A,D*7E
$GPRMC,215322.00,A,4220.30324,N,07105.31572,W,2.399,357.38,260923,,,D*78
$GPVTG,357.38,T,,M,2.399,N,4.442,K,D*35
$GPGGA,215322.00,4220.30324,N,07105.31572,W,2,06,1.43,36.6,M,-33.2,M,,0000*57
$GPGSA,A,3,29,32,03,28,31,26,,,,,,,2.47,1.43,2.02*00
$GPGSV,3,1,12,03,33,304,40,04,04,304,,10,03,171,,16,16,201,15*7D
$GPGSV,3,2,12,25,30,049,21,26,47,198,20,28,70,027,27,29,18,093,11*71
$GPGSV,3,3,12,31,67,292,40,32,51,119,22,46,15,247,,48,18,244,*78
$GPGLL,4220.30324,N,07105.31572,W,215322.00,A,D*78
$GPRMC,215323.00,A,4220.30435,N,07105.31573,W,2.823,0.26,260923,,,D*7B
$GPVTG,0.26,T,,M,2.823,N,5.228,K,D*3A
$GPGGA,215323.00,4220.30435,N,07105.31573,W,2,06,1.43,36.3,M,-33.2,M,,0000*55
$GPGSA,A,3,29,32,03,28,31,26,,,,,,,2.47,1.43,2.02*00
$GPGSV,3,1,12,03,33,304,39,04,04,304,,10,03,171,,16,16,201,17*71
$GPGSV,3,2,12,25,30,049,22,26,47,198,29,28,70,027,27,29,18,093,11*7B
$GPGSV,3,3,12,31,67,292,36,32,51,119,22,46,15,247,,48,18,244,*79
$GPGLL,4220.30435,N,07105.31573,W,215323.00,A,D*7F
$GPRMC,215324.00,A,4220.30506,N,07105.31598,W,2.531,359.73,260923,,,D*79
$GPVTG,359.73,T,,M,2.531,N,4.687,K,D*3B
$GPGGA,215324.00,4220.30506,N,07105.31598,W,2,06,1.43,36.1,M,-33.2,M,,0000*54
$GPGSA,A,3,29,32,03,28,31,26,,,,,,,2.47,1.43,2.02*00
$GPGSV,3,1,12,03,33,304,32,04,04,304,,10,03,171,,16,16,201,18*75
$GPGSV,3,2,12,25,30,049,22,26,47,198,30,28,70,027,27,29,18,093,11*73
$GPGSV,3,3,12,31,67,292,38,32,51,119,22,46,15,247,,48,18,244,*77
$GPGLL,4220.30506,N,07105.31598,W,215324.00,A,D*7C
$GPRMC,215325.00,A,4220.30553,N,07105.31689,W,2.256,349.09,260923,,,D*71
$GPVTG,349.09,T,,M,2.256,N,4.179,K,D*37
$GPGGA,215325.00,4220.30553,N,07105.31689,W,2,05,1.82,35.9,M,-33.2,M,,0000*53
$GPGSA,A,3,32,03,28,31,26,,,,,,,,4.08,1.82,3.65*0B
$GPGSV,3,1,12,03,33,304,37,04,04,304,,10,03,171,,16,16,201,17*7F
$GPGSV,3,2,12,25,30,049,24,26,47,198,26,28,70,028,26,29,18,093,07*7B
$GPGSV,3,3,12,31,67,292,34,32,51,119,23,46,15,247,,48,18,244,*7A
$GPGLL,4220.30553,N,07105.31689,W,215325.00,A,D*7E
$GPRMC,215326.00,A,4220.30633,N,07105.31712,W,2.162,351.20,260923,,,D*72
$GPVTG,351.20,T,,M,2.162,N,4.005,K,D*3B
$GPGGA,215326.00,4220.30633,N,07105.31712,W,2,06,1.43,35.9,M,-33.2,M,,0000*58
$GPGSA,A,3,29,32,03,28,31,26,,,,,,,2.48,1.43,2.02*0F
$GPGSV,3,1,12,03,33,304,31,04,04,304,,10,03,171,,16,16,201,16*78
$GPGSV,3,2,12,25,30,049,23,26,47,198,31,28,70,028,25,29,18,093,14*7B
$GPGSV,3,3,12,31,67,292,35,32,51,119,23,46,15,247,,48,18,244,*7B
$GPGLL,4220.30633,N,07105.31712,W,215326.00,A,D*7B
$GPRMC,215327.00,A,4220.30685,N,07105.31736,W,1.671,,260923,,,D*65
$GPVTG,,T,,M,1.671,N,3.094,K,D*29
$GPGGA,215327.00,4220.30685,N,07105.31736,W,2,06,1.43,35.7,M,-33.2,M,,0000*5C
$GPGSA,A,3,29,32,03,28,31,26,,,,,,,2.48,1.43,2.02*0F
$GPGSV,3,1,12,03,33,304,38,04,04,304,,10,03,171,,16,16,201,19*7E
$GPGSV,3,2,12,25,30,049,25,26,47,198,31,28,70,028,31,29,18,093,17*7B
$GPGSV,3,3,12,31,67,292,38,32,51,119,23,46,15,247,,48,18,244,*76
$GPGLL,4220.30685,N,07105.31736,W,215327.00,A,D*71
$GPRMC,215328.00,A,4220.30738,N,07105.31777,W,1.549,,260923,,,D*60
$GPVTG,,T,,M,1.549,N,2.870,K,D*22
$GPGGA,215328.00,4220.30738,N,07105.31777,W,2,06,1.43,36.0,M,-33.2,M,,0000*55
$GPGSA,A,3,29,32,03,28,31,26,,,,,,,2.48,1.43,2.02*0F
$GPGSV,3,1,12,03,33,304,31,04,04,304,19,10,03,171,,16,16,201,20*75
$GPGSV,3,2,12,25,30,049,25,26,47,198,32,28,70,028,29,29,18,093,19*7F
$GPGSV,3,3,12,31,68,293,37,32,51,119,25,46,15,247,,48,18,244,*71
$GPGLL,4220.30738,N,07105.31777,W,215328.00,A,D*7C
$GPRMC,215329.00,A,4220.30768,N,07105.31802,W,1.129,,260923,,,D*6B
$GPVTG,,T,,M,1.129,N,2.091,K,D*27
$GPGGA,215329.00,4220.30768,N,07105.31802,W,2,06,1.43,36.2,M,-33.2,M,,0000*5E
$GPGSA,A,3,29,32,03,28,31,26,,,,,,,2.48,1.43,2.02*0F
$GPGSV,3,1,12,03,33,304,16,04,04,304,16,10,03,171,,16,16,201,21*7E
$GPGSV,3,2,12,25,30,049,24,26,47,198,27,28,70,028,34,29,18,093,20*7C
$GPGSV,3,3,12,31,68,293,39,32,51,119,30,46,15,247,,48,18,244,*7B
$GPGLL,4220.30768,N,07105.31802,W,215329.00,A,D*75
$GPRMC,215330.00,A,4220.30839,N,07105.31798,W,1.831,6.27,260923,,,D*79
$GPVTG,6.27,T,,M,1.831,N,3.390,K,D*39
$GPGGA,215330.00,4220.30839,N,07105.31798,W,2,06,1.43,36.3,M,-33.2,M,,0000*50
$GPGSA,A,3,29,32,03,28,31,26,,,,,,,2.48,1.43,2.02*0F
$GPGSV,3,1,12,03,33,304,27,04,04,304,16,10,03,171,,16,16,201,24*79
$GPGSV,3,2,12,25,30,049,22,26,47,198,32,28,70,028,30,29,18,093,21*7B
$GPGSV,3,3,12,31,68,293,40,32,51,119,23,46,15,247,,48,18,244,*77
$GPGLL,4220.30839,N,07105.31798,W,215330.00,A,D*7A
$GPRMC,215331.00,A,4220.30904,N,07105.31807,W,1.861,9.36,260923,,,D*74
$GPVTG,9.36,T,,M,1.861,N,3.447,K,D*3E
$GPGGA,215331.00,4220.30904,N,07105.31807,W,2,06,1.43,36.5,M,-33.2,M,,0000*51
$GPGSA,A,3,29,32,03,28,31,26,,,,,,,2.48,1.43,2.02*0F
$GPGSV,3,1,12,03,33,304,28,04,04,304,14,10,03,171,,16,16,201,22*72
$GPGSV,3,2,12,25,30,049,23,26,47,198,28,28,70,028,37,29,18,093,23*74
$GPGSV,3,3,12,31,68,293,30,32,51,119,23,46,15,247,,48,18,244,*70
$GPGLL,4220.30904,N,07105.31807,W,215331.00,A,D*7D
$GPRMC,215332.00,A,4220.30984,N,07105.31771,W,1.807,18.88,260923,,,D*44
$GPVTG,18.88,T,,M,1.807,N,3.346,K,D*0D
$GPGGA,215332.00,4220.30984,N,07105.31771,W,2,06,1.43,36.7,M,-33.2,M,,0000*56
$GPGSA,A,3,29,32,03,28,31,26,,,,,,,2.48,1.43,2.02*0F
$GPGSV,3,1,12,03,33,304,28,04,04,304,14,10,03,171,,16,16,201,21*71
$GPGSV,3,2,12,25,30,049,24,26,47,198,34,28,70,028,36,29,18,093,25*79
$GPGSV,3,3,12,31,68,293,36,32,51,119,25,46,15,247,,48,18,244,*70
$GPGLL,4220.30984,N,07105.31771,W,215332.00,A,D*78
$GPRMC,215333.00,A,4220.31059,N,07105.31754,W,1.985,21.87,260923,,,D*44
$GPVTG,21.87,T,,M,1.985,N,3.676,K,D*05
$GPGGA,215333.00,4220.31059,N,07105.31754,W,2,06,1.43,36.7,M,-33.2,M,,0000*58
$GPGSA,A,3,29,32,03,28,31,26,,,,,,,2.48,1.43,2.02*0F
$GPGSV,3,1,12,03,33,304,32,04,04,304,12,10,03,171,,16,16,201,21*7C
$GPGSV,3,2,12,25,30,049,30,26,47,198,30,28,70,028,31,29,18,093,26*7C
$GPGSV,3,3,12,31,68,293,26,32,51,119,26,46,15,247,,48,18,244,29*79
$GPGLL,4220.31059,N,07105.31754,W,215333.00,A,D*76
$GPRMC,215334.00,A,4220.31117,N,07105.31763,W,1.678,,260923,,,D*63
$GPVTG,,T,,M,1.678,N,3.108,K,D*24
$GPGGA,215334.00,4220.31117,N,07105.31763,W,2,07,1.21,36.9,M,-33.2,M,,0000*5B
$GPGSA,A,3,29,32,03,28,31,26,48,,,,,,1.99,1.21,1.57*0B
$GPGSV,3,1,12,03,33,304,26,04,04,304,10,10,03,171,,16,16,201,21*7B
$GPGSV,3,2,12,25,30,049,24,26,47,198,29,28,70,028,31,29,18,093,25*72
$GPGSV,3,3,12,31,68,293,28,32,51,119,26,46,15,247,,48,18,244,27*79
$GPGLL,4220.31117,N,07105.31763,W,215334.00,A,D*7E
$GPRMC,215335.00,A,4220.31149,N,07105.31733,W,1.568,,260923,,,D*6E
$GPVTG,,T,,M,1.568,N,2.904,K,D*23
$GPGGA,215335.00,4220.31149,N,07105.31733,W,2,07,1.43,37.1,M,-33.2,M,,0000*59
$GPGSA,A,3,29,32,03,28,31,26,48,,,,,,2.48,1.43,2.02*03
$GPGSV,3,1,12,03,33,304,25,04,04,304,09,10,03,171,,16,16,201,23*72
$GPGSV,3,2,12,25,30,049,31,26,47,198,24,28,70,028,34,29,18,093,24*7F
$GPGSV,3,3,12,31,68,293,33,32,51,119,26,46,15,247,,48,18,244,27*73
$GPGLL,4220.31149,N,07105.31733,W,215335.00,A,D*71
$GPRMC,215336.00,A,4220.31215,N,07105.31702,W,1.587,,260923,,,D*64
$GPVTG,,T,,M,1.587,N,2.940,K,D*22
$GPGGA,215336.00,4220.31215,N,07105.31702,W,2,06,1.43,37.4,M,-33.2,M,,0000*56
$GPGSA,A,3,29,32,03,28,31,26,,,,,,,2.48,1.43,2.02*0F
$GPGSV,3,1,12,03,33,304,31,04,04,304,09,10,03,171,,16,16,201,22*76
$GPGSV,3,2,12,25,30,049,35,26,47,198,33,28,70,028,35,29,18,093,24*7C
$GPGSV,3,3,12,31,68,293,37,32,51,119,24,46,15,247,,48,18,244,*70
$GPGLL,4220.31215,N,07105.31702,W,215336.00,A,D*7A
$GPRMC,215337.00,A,4220.31276,N,07105.31659,W,1.722,,260923,,,D*62
$GPVTG,,T,,M,1.722,N,3.188,K,D*22
$GPGGA,215337.00,4220.31276,N,07105.31659,W,2,06,1.43,37.6,M,-33.2,M,,0000*5F
$GPGSA,A,3,29,32,03,28,31,26,,,,,,,2.48,1.43,2.02*0F
$GPGSV,3,1,12,03,33,304,25,04,04,304,09,10,03,171,,16,16,201,21*70
$GPGSV,3,2,12,25,30,049,38,26,47,198,29,28,70,028,39,29,18,093,25*77
$GPGSV,3,3,12,31,68,293,35,32,51,119,25,46,15,247,,48,18,244,30*70
$GPGLL,4220.31276,N,07105.31659,W,215337.00,A,D*71
$GPRMC,215338.00,A,4220.31262,N,07105.31665,W,0.372,,260923,,,D*67
$GPVTG,,T,,M,0.372,N,0.690,K,D*2F
$GPGGA,215338.00,4220.31262,N,07105.31665,W,2,07,1.21,37.0,M,-33.2,M,,0000*59
$GPGSA,A,3,29,32,03,28,31,26,48,,,,,,1.99,1.21,1.57*0B
$GPGSV,3,1,12,03,33,304,24,04,04,304,14,10,03,171,,16,16,201,21*7D
$GPGSV,3,2,12,25,30,049,40,26,47,198,30,28,70,028,33,29,18,093,25*7A
$GPGSV,3,3,12,31,68,293,33,32,51,119,24,46,15,247,,48,18,244,28*7E
$GPGLL,4220.31262,N,07105.31665,W,215338.00,A,D*74
$GPRMC,215339.00,A,4220.31219,N,07105.31651,W,0.941,,260923,,,D*67
$GPVTG,,T,,M,0.941,N,1.743,K,D*2B
$GPGGA,215339.00,4220.31219,N,07105.31651,W,2,07,1.43,36.9,M,-33.2,M,,0000*5F
$GPGSA,A,3,29,32,03,28,31,26,48,,,,,,2.48,1.43,2.02*03
$GPGSV,3,1,12,03,33,304,25,04,04,304,14,10,03,171,,16,16,201,21*7C
$GPGSV,3,2,12,25,30,049,38,26,47,198,29,28,70,028,33,29,18,093,25*7D
$GPGSV,3,3,12,31,68,293,41,32,51,119,25,46,15,247,,48,18,244,27*75
$GPGLL,4220.31219,N,07105.31651,W,215339.00,A,D*7E
$GPRMC,215340.00,A,4220.31274,N,07105.31594,W,1.014,,260923,,,D*60
$GPVTG,,T,,M,1.014,N,1.878,K,D*24
$GPGGA,215340.00,4220.31274,N,07105.31594,W,2,06,1.43,36.9,M,-33.2,M,,0000*51
$GPGSA,A,3,29,32,03,28,31,26,,,,,,,2.48,1.43,2.02*0F
$GPGSV,3,1,12,03,33,304,25,04,04,304,14,10,03,171,,16,16,201,23*7E
$GPGSV,3,2,12,25,30,049,36,26,47,198,32,28,70,028,30,29,18,093,26*79
$GPGSV,3,3,12,31,68,293,34,32,51,119,31,46,15,247,,48,18,244,*77
$GPGLL,4220.31274,N,07105.31594,W,215340.00,A,D*71
$GPRMC,215341.00,A,4220.31287,N,07105.31593,W,0.623,,260923,,,D*69
$GPVTG,,T,,M,0.623,N,1.154,K,D*20
$GPGGA,215341.00,4220.31287,N,07105.31593,W,2,06,1.43,37.0,M,-33.2,M,,0000*53
$GPGSA,A,3,29,32,03,28,31,26,,,,,,,2.48,1.43,2.02*0F
$GPGSV,3,1,12,03,33,304,24,04,04,304,14,10,03,171,,16,16,201,22*7E
$GPGSV,3,2,12,25,30,049,38,26,47,198,28,28,70,028,33,29,18,093,26*7F
$GPGSV,3,3,12,31,68,293,32,32,51,119,30,46,15,247,,48,18,244,*70
$GPGLL,4220.31287,N,07105.31593,W,215341.00,A,D*7B
$GPRMC,215342.00,A,4220.31285,N,07105.31558,W,1.551,,260923,,,D*68
$GPVTG,,T,,M,1.551,N,2.873,K,D*28
$GPGGA,215342.00,4220.31285,N,07105.31558,W,2,06,1.43,37.6,M,-33.2,M,,0000*53
$GPGSA,A,3,29,32,03,28,31,26,,,,,,,2.48,1.43,2.02*0F
$GPGSV,3,1,12,03,33,304,24,04,04,304,08,10,03,171,,16,16,201,21*70
$GPGSV,3,2,12,25,30,049,39,26,47,198,29,28,70,028,39,29,18,093,26*75
$GPGSV,3,3,12,31,68,293,44,32,51,119,30,46,15,247,,48,18,244,*71
$GPGLL,4220.31285,N,07105.31558,W,215342.00,A,D*7D
$GPRMC,215343.00,A,4220.31345,N,07105.31513,W,1.359,,260923,,,D*65
$GPVTG,,T,,M,1.359,N,2.516,K,D*28
$GPGGA,215343.00,4220.31345,N,07105.31513,W,2,06,1.43,37.7,M,-33.2,M,,0000*51
$GPGSA,A,3,29,32,03,28,31,26,,,,,,,2.48,1.43,2.02*0F
$GPGSV,3,1,12,03,33,304,24,04,04,304,14,10,03,171,,16,16,201,20*7C
$GPGSV,3,2,12,25,30,049,33,26,47,198,30,28,70,028,34,29,18,093,25*79
$GPGSV,3,3,12,31,68,293,35,32,51,119,28,46,15,247,,48,18,244,*7E
$GPGLL,4220.31345,N,07105.31513,W,215343.00,A,D*7E
$GPRMC,215344.00,A,4220.31449,N,07105.31459,W,1.766,26.66,260923,,,D*44
$GPVTG,26.66,T,,M,1.766,N,3.271,K,D*0D
$GPGGA,215344.00,4220.31449,N,07105.31459,W,2,06,1.43,37.4,M,-33.2,M,,0000*51
$GPGSA,A,3,29,32,03,28,31,26,,,,,,,2.48,1.43,2.02*0F
$GPGSV,3,1,12,03,34,304,25,04,04,304,18,10,03,171,,16,16,201,19*7C
$GPGSV,3,2,12,25,30,049,29,26,47,198,33,28,70,028,32,29,18,093,27*75
$GPGSV,3,3,12,31,68,293,37,32,51,119,34,46,15,247,,48,18,244,*71
$GPGLL,4220.31449,N,07105.31459,W,215344.00,A,D*7D
$GPRMC,215345.00,A,4220.31578,N,07105.31433,W,2.431,15.28,260923,,,D*42
$GPVTG,15.28,T,,M,2.431,N,4.503,K,D*00
$GPGGA,215345.00,4220.31578,N,07105.31433,W,2,06,1.43,37.4,M,-33.2,M,,0000*5F
$GPGSA,A,3,29,32,03,28,31,26,,,,,,,2.48,1.43,2.02*0F
$GPGSV,3,1,12,03,34,304,25,04,04,304,17,10,03,171,,16,16,201,19*73
$GPGSV,3,2,12,25,30,049,30,26,47,198,35,28,70,028,35,29,18,093,25*7E
$GPGSV,3,3,12,31,68,293,29,32,51,119,38,46,15,247,,48,18,244,27*77
$GPGLL,4220.31578,N,07105.31433,W,215345.00,A,D*73
$GPRMC,215346.00,A,4220.31701,N,07105.31380,W,2.751,11.67,260923,,,D*48
$GPVTG,11.67,T,,M,2.751,N,5.095,K,D*01
$GPGGA,215346.00,4220.31701,N,07105.31380,W,2,07,1.21,37.4,M,-33.2,M,,0000*5A
$GPGSA,A,3,29,32,03,28,31,26,48,,,,,,1.99,1.21,1.57*0B
$GPGSV,3,1,12,03,34,304,24,04,04,304,15,10,03,171,,16,16,201,21*7B
$GPGSV,3,2,12,25,30,049,33,26,47,198,37,28,70,028,30,29,18,093,26*79
$GPGSV,3,3,12,31,68,293,28,32,51,119,39,46,15,247,,48,18,244,28*78
$GPGLL,4220.31701,N,07105.31380,W,215346.00,A,D*73
$GPRMC,215347.00,A,4220.31738,N,07105.31373,W,1.808,10.88,260923,,,D*4F
$GPVTG,10.88,T,,M,1.808,N,3.348,K,D*04
$GPGGA,215347.00,4220.31738,N,07105.31373,W,2,07,1.21,36.0,M,-33.2,M,,0000*58
$GPGSA,A,3,29,32,03,28,31,26,48,,,,,,1.99,1.21,1.57*0B
$GPGSV,3,1,12,03,34,304,23,04,04,304,15,10,03,171,,16,16,201,*7F
$GPGSV,3,2,12,25,30,049,30,26,47,198,31,28,70,028,39,29,18,093,26*75
$GPGSV,3,3,12,31,68,293,36,32,51,119,43,46,15,247,,48,18,244,27*75
$GPGLL,4220.31738,N,07105.31373,W,215347.00,A,D*74
$GPRMC,215348.00,A,4220.31768,N,07105.31343,W,1.661,16.70,260923,,,D*46
$GPVTG,16.70,T,,M,1.661,N,3.077,K,D*0B
$GPGGA,215348.00,4220.31768,N,07105.31343,W,2,07,1.21,35.4,M,-33.2,M,,0000*56
$GPGSA,A,3,29,32,03,28,31,26,48,,,,,,1.99,1.21,1.57*0B
$GPGSV,3,1,12,03,34,304,25,04,04,304,20,10,03,171,,16,16,201,*7F
$GPGSV,3,2,12,25,30,049,34,26,47,198,33,28,70,028,35,29,18,093,25*7C
$GPGSV,3,3,12,31,68,293,30,32,51,119,40,46,15,247,,48,18,244,27*70
$GPGLL,4220.31768,N,07105.31343,W,215348.00,A,D*7D
$GPRMC,215349.00,A,4220.31792,N,07105.31313,W,1.138,16.92,260923,,,D*40
$GPVTG,16.92,T,,M,1.138,N,2.108,K,D*04
$GPGGA,215349.00,4220.31792,N,07105.31313,W,2,06,1.43,35.0,M,-33.2,M,,0000*56
$GPGSA,A,3,29,32,03,28,31,26,,,,,,,2.48,1.43,2.03*0E
$GPGSV,3,1,12,03,34,304,26,04,04,304,22,10,03,171,,16,16,201,*7E
$GPGSV,3,2,12,25,30,049,34,26,47,198,28,28,70,028,39,29,18,093,30*7E
$GPGSV,3,3,12,31,68,293,36,32,51,119,35,46,15,247,,48,18,244,*71
$GPGLL,4220.31792,N,07105.31313,W,215349.00,A,D*7C
$GPRMC,215350.00,A,4220.31812,N,07105.31306,W,0.548,,260923,,,D*6B
$GPVTG,,T,,M,0.548,N,1.015,K,D*2A
$GPGGA,215350.00,4220.31812,N,07105.31306,W,2,06,1.43,35.7,M,-33.2,M,,0000*5A
$GPGSA,A,3,29,32,03,28,31,26,,,,,,,2.48,1.43,2.03*0E
$GPGSV,3,1,12,03,34,304,27,04,04,304,24,10,03,171,,16,16,201,*79
$GPGSV,3,2,12,25,30,049,31,26,47,198,35,28,70,028,38,29,18,093,29*7E
$GPGSV,3,3,12,31,68,293,28,32,51,119,35,46,15,247,,48,18,244,*7E
$GPGLL,4220.31812,N,07105.31306,W,215350.00,A,D*77
$GPRMC,215351.00,A,4220.31837,N,07105.31274,W,0.222,,260923,,,D*62
$GPVTG,,T,,M,0.222,N,0.412,K,D*23
$GPGGA,215351.00,4220.31837,N,07105.31274,W,2,06,1.43,35.7,M,-33.2,M,,0000*58
$GPGSA,A,3,29,32,03,28,31,26,,,,,,,2.48,1.43,2.03*0E
$GPGSV,3,1,12,03,34,304,28,04,04,304,25,10,03,171,,16,16,201,*77
$GPGSV,3,2,12,25,30,049,36,26,47,198,30,28,70,028,36,29,18,093,28*73
$GPGSV,3,3,12,31,68,293,28,32,51,119,37,46,15,247,,48,18,244,*7C
$GPGLL,4220.31837,N,07105.31274,W,215351.00,A,D*75
$GPRMC,215352.00,A,4220.31848,N,07105.31252,W,0.029,,260923,,,D*64
$GPVTG,,T,,M,0.029,N,0.054,K,D*2C
$GPGGA,215352.00,4220.31848,N,07105.31252,W,2,07,1.21,35.9,M,-33.2,M,,0000*5C
$GPGSA,A,3,29,32,03,28,31,26,48,,,,,,1.99,1.21,1.58*04
$GPGSV,3,1,12,03,34,304,28,04,04,304,24,10,03,171,,16,16,201,20*74
$GPGSV,3,2,12,25,30,049,33,26,47,198,31,28,70,028,36,29,18,093,26*79
$GPGSV,3,3,12,31,68,293,29,32,51,119,39,46,15,247,,48,18,244,28*79
$GPGLL,4220.31848,N,07105.31252,W,215352.00,A,D*7A
$GPRMC,215353.00,A,4220.31869,N,07105.31230,W,0.111,,260923,,,D*68
$GPVTG,,T,,M,0.111,N,0.205,K,D*20
$GPGGA,215353.00,4220.31869,N,07105.31230,W,2,07,1.21,35.8,M,-33.2,M,,0000*5B
$GPGSA,A,3,29,32,03,28,31,26,48,,,,,,1.99,1.21,1.58*04
$GPGSV,3,1,12,03,34,304,27,04,04,304,24,10,03,171,,16,16,201,22*79
$GPGSV,3,2,12,25,30,049,35,26,47,198,35,28,70,028,39,29,18,093,26*74
$GPGSV,3,3,12,31,68,293,34,32,51,119,40,46,15,247,,48,18,244,28*7B
$GPGLL,4220.31869,N,07105.31230,W,215353.00,A,D*7C
$GPRMC,215354.00,A,4220.31902,N,07105.31218,W,0.315,,260923,,,D*6F
$GPVTG,,T,,M,0.315,N,0.583,K,D*2F
$GPGGA,215354.00,4220.31902,N,07105.31218,W,2,07,1.21,34.7,M,-33.2,M,,0000*54
$GPGSA,A,3,29,32,03,28,31,26,48,,,,,,1.99,1.21,1.58*04
$GPGSV,3,1,12,03,34,304,26,04,04,304,23,10,03,171,,16,16,201,22*7F
$GPGSV,3,2,12,25,30,049,35,26,47,198,35,28,70,028,38,29,18,093,31*73
$GPGSV,3,3,12,31,68,293,34,32,51,119,38,46,15,247,,48,18,244,27*7B
$GPGLL,4220.31902,N,07105.31218,W,215354.00,A,D*7D
$GPRMC,215355.00,A,4220.31913,N,07105.31202,W,0.193,,260923,,,D*69
$GPVTG,,T,,M,0.193,N,0.357,K,D*2C
$GPGGA,215355.00,4220.31913,N,07105.31202,W,2,06,1.43,34.1,M,-33.2,M,,0000*5D
$GPGSA,A,3,29,32,03,28,31,26,,,,,,,2.48,1.43,2.03*0E
$GPGSV,3,1,12,03,34,304,25,04,04,304,23,10,03,171,,16,16,201,22*7C
$GPGSV,3,2,12,25,30,049,30,26,47,198,31,28,70,028,35,29,18,093,30*7E
$GPGSV,3,3,12,31,68,293,36,32,51,119,38,46,15,247,,48,18,244,*7C
$GPGLL,4220.31913,N,07105.31202,W,215355.00,A,D*77
$GPRMC,215356.00,A,4220.31911,N,07105.31199,W,0.146,,260923,,,D*61
$GPVTG,,T,,M,0.146,N,0.270,K,D*20
$GPGGA,215356.00,4220.31911,N,07105.31199,W,2,06,1.43,34.2,M,-33.2,M,,0000*5E
$GPGSA,A,3,29,32,03,28,31,26,,,,,,,2.48,1.43,2.03*0E
$GPGSV,3,1,12,03,34,304,25,04,04,304,22,10,03,171,,16,17,201,23*7D
$GPGSV,3,2,12,25,30,049,33,26,47,198,31,28,70,028,37,29,18,093,30*7F
$GPGSV,3,3,12,31,68,293,36,32,51,119,38,46,15,247,,48,18,244,*7C
$GPGLL,4220.31911,N,07105.31199,W,215356.00,A,D*77
$GPRMC,215357.00,A,4220.31916,N,07105.31185,W,0.119,,260923,,,D*60
$GPVTG,,T,,M,0.119,N,0.220,K,D*2F
$GPGGA,215357.00,4220.31916,N,07105.31185,W,2,06,1.43,33.9,M,-33.2,M,,0000*59
$GPGSA,A,3,29,32,03,28,31,26,,,,,,,2.48,1.43,2.03*0E
$GPGSV,3,1,12,03,34,304,25,04,04,304,22,10,03,171,,16,17,201,21*7F
$GPGSV,3,2,12,25,30,049,33,26,47,198,32,28,70,028,37,29,18,093,31*7D
$GPGSV,3,3,12,31,68,293,36,32,51,119,39,46,15,247,,48,18,244,*7D
$GPGLL,4220.31916,N,07105.31185,W,215357.00,A,D*7C
